===== FORECAST ERROR VARIANCE DECOMPOSITION (FEVD) =====
FEVD for GPR
           GPR  dlog_Gold   d_Nifty  d_USDINR
0     1.000000   0.000000  0.000000  0.000000
1     0.989779   0.000030  0.010190  0.000001
2     0.986881   0.000028  0.013064  0.000027
3     0.985745   0.000029  0.014195  0.000031
4     0.985234   0.000029  0.014703  0.000034
5     0.984992   0.000030  0.014944  0.000035
6     0.984875   0.000030  0.015060  0.000036
7     0.984817   0.000030  0.015117  0.000036
8     0.984789   0.000030  0.015146  0.000036
9     0.984775   0.000030  0.015160  0.000036
10    0.984768   0.000030  0.015166  0.000036
11    0.984764   0.000030  0.015170  0.000036

FEVD for dlog_Gold
           GPR  dlog_Gold   d_Nifty  d_USDINR
0     0.030709   0.969291  0.000000  0.000000
1     0.036417   0.961637  0.000863  0.001082
2     0.040188   0.957636  0.001100  0.001076
3     0.042027   0.955721  0.001176  0.001076
4     0.042935   0.954782  0.001208  0.001074
5     0.043383   0.954320  0.001223  0.001074
6     0.043605   0.954092  0.001230  0.001074
7     0.043714   0.953979  0.001234  0.001074
8     0.043769   0.953922  0.001235  0.001073
9     0.043796   0.953895  0.001236  0.001073
10    0.043809   0.953881  0.001236  0.001073
11    0.043816   0.953874  0.001237  0.001073

FEVD for d_Nifty
           GPR  dlog_Gold   d_Nifty  d_USDINR
0     0.000001   0.000067  0.999932  0.000000
1     0.001303   0.001087  0.993886  0.003724
2     0.001504   0.001096  0.993582  0.003818
3     0.001643   0.001097  0.993439  0.003820
4     0.001708   0.001097  0.993375  0.003820
5     0.001741   0.001097  0.993342  0.003820
6     0.001757   0.001097  0.993326  0.003820
7     0.001765   0.001097  0.993318  0.003820
8     0.001769   0.001097  0.993314  0.003820
9     0.001771   0.001097  0.993312  0.003820
10    0.001772   0.001097  0.993311  0.003820
11    0.001772   0.001097  0.993311  0.003820

FEVD for d_USDINR
           GPR  dlog_Gold   d_Nifty  d_USDINR
0     0.002795   0.007187  0.323950  0.666067
1     0.022161   0.048412  0.294514  0.634913
2     0.026830   0.048774  0.292785  0.631611
3     0.029659   0.048771  0.291941  0.629628
4     0.031012   0.048708  0.291560  0.628720
5     0.031690   0.048673  0.291371  0.628265
6     0.032026   0.048656  0.291278  0.628041
7     0.032193   0.048647  0.291231  0.627929
8     0.032276   0.048643  0.291208  0.627874
9     0.032317   0.048641  0.291197  0.627846
10    0.032337   0.048640  0.291191  0.627832
11    0.032347   0.048639  0.291188  0.627826


None
